40821199913825954429587584593
68249312491387482723412394249
73344483246037299071154128987
55811506945411082943538314803
51099026040130198370556630893
53529685579052614951268835457
48046217638143033772360738913
46442670919380302963466605453
48678882490137539680541987117
55057346172156583201651382149
47760130833253126067570685197
73502148016453345750750210739
45726272440703394186687079387
43392975788094738526944014899
62507232427449369902107925477
63374188805724989791203478099
48701597968780866781623710413
64276962247679830593839250583
47230355436198282036022486039
53288691424615267385502975661
73625898394196768316223466179
67848667858534121470449398599
52520104376451690389866435031
42301124651160413454239036699
64042434192920357497342670363
58140575535252635861478532993
46943234482670527787244007781
63021853186710703290707807629
55641327496067252093435850031
63437949741802001203237330153
60297855984792506127158187851
43814352778458668434839196901
58785162737033834327338240091
55955811242283055412529697847
61711559945711984851764309227
55086001401164231334351421831
56953305543770824194335940469
63065397768052098043899813323
57749636102864881128181526567
50184873112386782843588706259
40619940290369953237246061357
51629594509928604741530251547
59884388288011978124558917213
47952873479562519750233680843
65462455391552090542116951103
47113840887848985787376417161
48045646152023951736438958481
52806008704316083577700132281
41181762771998056114426682303
43652706367882218764345376493
48117765066924913665452952457
43879668253964627691146626511
59089707073995356775658622237
42094170415643894942110771781
53350637669171234700195630433
58324982985864933018492635563
42832334177942137481892951029
45888740106281676809093293711
46038763616204884464765218839
43030985554410242517332941697
63408738364461282579625628291
47139438567899326261999352543
41498201706736387351851275593
41530712765690024898779636909
39709842767363035294436760077
40645258857383954361724368403
42237221487331298744196807671
49984861455799973645349039107
74983654687357915842426039113
43967270846656678466583173633
39673043889660008785742505053
46434409773908934662114059561
59240041811936112891984167251
60269668303711438838224875209
44030350246617317286499720117
48495874696933373214707935171
50607109809411135643547974391
64756204073403164952702806047
44746770845457349868934735809
43157902031044696542918531563
67985442662731640252455800871
64249475647574901929854782311
48430038441620480745610482331
43062669619865526538685230001
39972927336057683677494120929
59264643935247626008084549789
51158404366354804818006174017
54690845136957302522911349803
45931249011478068297998816263
40192901237559083429000421937
64506188853593618621157389569
63981051702310662018734304869
51391088619508144735651662251
44522552237827994457278157863
50880196602243621977480247083
57684559554444539262649564567
64956896242604937890913708967
61068428651692317578226291121
54671169491110585510332747229
63184878689623549640885467577
41471009575098069184979260601
66679659437345055643364024479
52076686266512791816242981179
60888547021358183576986228291
53880771687225915544602386531
42208237758353488802225419399
40233518305151637982700404013
68778271574221307760581697233
60273952097806959238927913743
67254764403039555173819721101
44033414441921639499108377101
53355076965308814446647321357
42413928104644246916845399979
52231528084019261109800871857
59836498628388748165932667487
46844959272429313494808733063
49966090342174509345292044787
54301940563718970155600696681
43912732488111015177381712349
64229159891161734153565491823
42730018663348723775398469437
47497269344684938530066640349
58380988090296705841211687017
59235837689771691396514047677
41413075730708894712544152991
59084621821189350684046762691
43576412194153123935879295039
40009403712596934839004590797
68894555418589813357639053877
69584033071362447441243399727
58627625651692773727039361447
70687245335892360950030652281
59638589738354619033406754783
73776598411867844830175638753
56134508965344567648989682491
60596321463700229440548797639
50397632426672036246011330757
57142819688893151981269494541
52425429638027773117025484239
78794377001262823745046634171
46205307711068681469677027503
56317456864688579400286534841
42802222440727317827206735171
48272483621823714631090304483
66759155859240875514701166659
52657535993629054874535335621
73822462633567502063808511141
50319808345910099248193844673
56616128274966164455293813449
70216525207641346063093494767
52046056141601182629007467053
54776051420241115217368084499
41183175224935817290772947789
63249180024884373248496607979
48717904961528970311046673759
63429281278526153071158540131
45518305182309855188118293219
50282918196177273523935930619
53408961647500543456176021619
64998081963255973310728186571
46157843014857572695969316189
44876124286815949022759808097
48983175191376512203502833069
45311269171611017392740604729
42455255819058370545153954133
56045924299843040251270032761
41474921083761399667444929283
54636239737832473606215144007
70917667130690130751078396243
47012240169687794364182339357
58652495398526390215068900841
50651774927498197142789653709
47644832308407363437753519147
50420912631061397030436174259
51497066522047519580811887099
55582695365313533428452825323
45151681500477879112870924061
45968191549979834986681227907
42670763193475476632565836791
55149812842624458112698692417
41169867637857296873169836881
45760659052099890400738670591
59465302763113116290528720597
51828897626357757707124460441
51114792355186606274363649167
44301850655185073887682498953
48089193936801104773258698289
49398622756871546304798858823
41325121618546772363078280347
46333287153490750709736855223
63991796485383410190854717623
46916413239859835204622131467
43920461195848064829702826117
43476950154511014306511404403
46587607522440374108547148063
45498284124500137457565636973
76066306055865354503644528199
61773865976860862999415531019
54052843711415355445530752269
63239040639555452280005339231
50726635859646966192716036963
39854509969688516621714537989
62797409881149421159574533087
76111250012984574127897568941
51171219597439138522865522579
58091613880274007218856895183
42688182290105266096758216197
64620749653353033532285438859
53018005517113323656388326419
50102425775445087738795483383
71901568195583328559353609071
64037541798530135929099540063
40881441368283240745280391667
70146500614134705506917699973
59491686471570612755843436799
51178438974696382400965172929
54181385612838551618733855221
48092625396378927924563803577
57075069701408876971709360963
40962537883043789193046994789
40121589636060171993911933323
55544576210068674478307841259
52400012495325549229761987209
42830560501169432168890748713
46195280179497758390682139421
60095189995560615328643748691
52453758624263214678131226703
45472812769743162879443021483
49044233258521754830674982597
42362122003215890280808273417
49174186754965358932989783319
66957545406633378842101144049
42187600843166727060750059419
43799036561406290937099587327
72487406215022753310243339499
68114485383207444771393337973
71903088745936474733265626183
57937057616696536512183009499
61515018354803130623998615061
44656631196375166686594710699
45620435310153911908492247293
48970633482395423230563637553
41978851015189780962847676441
66530154005405548828989587413
67538779519773850463082067361
59671870140055418573581063439
47668695853081994877590419193
47672285399868932747820210821
42412094966818161183871601389
40591514253617876597955526303
55351001553720375675807546181
49228479246359729000647529509
57969538484685535922697785593
41014254969441266664880900429
44658897092965246190233174223
48041786926722404870754077981
54199106623403783721113869319
63900082929575468117994745471
71416590741237783249833485529
48075467891340207839286376769
56206669474460819261420049257
42602673552738936865027764917
61258243693816432708648880357
46266309159075895756535236177
47356515788007222310019838667
45696856761064613846916323503
48680633727730810185259809869
40401679175004661491587294521
53134281611472748859775350857
60381909207256500711326118197
43527129761093785867814015107
40936820931355686795009369919
39846644951781360522381731341
60929438816916489011055987523
54870107877946502184567231809
52112544631335970629111320083
57833885804549904615261102467
62852169068597652483804501377
48382837860530412064041771101
46522100361294601386777273953
66826529122976639098070373743
50741855206615753210683708023
42284091595088122869175356211
41268825342362878629841478141
41276756207771018293987116647
54898574518862368534839904469
68043960957823431247942644673
43838557031372705334385428077
49341890134131209836302628871
61491392747512245660856285853
48363386127890926685685047959
42344901874663106440292390411
40511181098386637136904961431
41062958073382757870951938451
61806584524380079720906226593
48908532497365237281033511987
52483681716799099590339065741
44863582092076641414959907589
48388182822719328188334477679
47965421893993426348987856333
48279171165796397024694570097
39694363908992134624054656857
42641279220089113701870339227
47959542603564466002254044987
53293681477030446491031973679
42900298625193006527088737837
71435015048401865869302794497
50910974526692427510297077873
50896079515438418378255094419
58316056839898673972602287761
43991621301090771821124890483
43563092246271633884869146029
69985241362118133296818544131
46781156282255049614184514283
59279109118250976664095157853
46144785204988695255369588313
45680652946996292892036562039
43331809590773849045702132239
60679574590992792351039601417
55412390811930237562986790637
49952158536261567180315226799
48610319845061721686060296741
43689223692398651435900283139
40617663410481130730287519399
39630670831636870071703475501
58786288179336935759941465127
46240440832078351660312867567
53362750163338876082889985999
66692538333353816663475006383
52067985164450737366119412211
40468774349428705847001286853
53634156910986202763834510771
57027343300598876022471746683
41569742482087115413046038297
71064956460152076434935535297
50527459949874388086590989187
50673030959189165314265463109
40529496766878881630188877507
50129057537597769972852314381
41175603483917872338409700789
40448496695277349317376744081
40210944413371222412673603739
49328860031718726521515288711
45080279100460923871385447041
62826908748573872474142165103
77551563425066989901512195153
46036914279576831215177941651
43958812227137636103744020551
65049434683906925370129893507
42021831647057397323254091071
45489328850798009616451007993
49449076076116506575592662831
45995772371666699366782280203
44347058603986147313974121563
44125739235398381040999476983
39763490150409095145292699861
44706962692721057517658193579
69300423928472901939197914423
54451636908401037925861743157
45218884965827442918646622119
44522988581807282983885546693
64089191532287910946596126391
62982560762535528854167515029
56565701328154850626411402391
44190076385373547578917738591
63250442233138918360085870041
40083691633653438401692634753
50676060106990266068592484027
48032306071903897299027333061
51020239849016916675034509479
77330895833303103603865757771
39673412755909833892622276069
50005196704201057124810329121
70088322266493535942938188057
49733123915229235631794464143
50468292095752183966974750673
72153928306889334270706611997
60728450642393342442271588763
53360982751914553427711224087
48188968881522518411914952207
41508785365792767722857645447
42297600304193602903726638101
64960533184883105862679553833
46712632606634699934835018879
43669755469958177065236824557
47010910800263804963963379523
40199319058142221020049461197
66943966075290300854100759851
48739870881205538994258619729
71451988099346672479799341907
45436135513427168498502652903
43658892309793366391236161673
40715558540184918012453782459
40629834567981971795595607217
54779205118363792694849762693
53386726554829392004385801221
45865477294790464344532467049
69590395695192896880698397421
52315393798729362124501168979
47918504702056662807875389933
39647943498054960753666823879
46324002269786230124643932057
40484088489794247324822301619
63397074784910066871228283261
44921683014911425346195361173
43195608019754070209725222891
40382464852164941523373239431
70130060455104404183077617359
61997238105365219776370596603
40074977826441864941731631207
46769883570700508895282688583
53592565984862586283817770657
46058133327787631051514621637
43514225445836025459357131057
43706922870577654673741869811
44305858537719683171346551603
72223779716763435215528439251
47292198113253201355869574741
44359055404914138785550165307
49073194234499126107175401883
63993179305658391568631183411
53039981188785271456150200017
59250072617394293685526031951
67435725834756456933840317791
42521418956299023896995463693
45406343570228421307073091553
52707291820138892989196383517
54120632329695679429309248301
52390188099213543077366100679
56528594027078687826899997239
44636639499144562119395437463
45431130728664520730645341889
65638439009528156230135327181
48532622943993308416880510821
61300803979285922974874663111
42813208662728890198717724497
50954376630684131438809688387
39918607834730543011119656467
39952837158480944672111796731
59703235494948662781681714649
43963020575122841626410378557
47406991404377701912370594759
50137691288694251178788548981
39886404184144197011715937747
53541517597526356555046500057
71955357526597479163436315873
63462564175006791361772679139
41806228736690504129053057417
63731856379092183789113011871
45075719429762029951585317403
44888309700590265790288964911
59173001801062542314376710597
43430816599697274232931073839
42736887398518858975910910877
44566135563263327522388828947
75898367605639480444898800703
58719397285509310888259965171
43499952399858674519845370807
46146684960831862881974842621
49086232154840992716684159209
53965001014471389823806940417
40130340911025182639513568007
62106011983679475700481323789
40986959150527237606208633923
43382701253355435192035679467
46150023698126425648578821683
44629132275159073882162164647
48793247217422123949957645677
47145278963086692387833057843
41376932030293024549711537123
48346506433819675305035208583
49804667265298745150583026329
41289757757291038147429410949
52048321758913741948761353707
49649430981869040051227097889
63297878041240360431634918511
65303023423014680104194208843
45864821024833928011068384449
44232867021031896035740237069
45998715529488051078330331513
57169074060342950903808207931
66906343923440981018327830189
43147916361526062535492578739
57987689946617469903393354439
42333070465999735353396520963
55966691158349394133662281569
41751242918243637052217793323
50161011537401821353880324993
49145862926996020896062812783
50638970699064116408884612679
50092089225730192948757307587
53441009019935186892547542527
57635671633773722459713449743
41005927505866076284504541669
48326386688588766160707964559
72780985942174551581026009823
54126002280102083889274645879
52352898280734045686651391827
48175838502415966216748347787
41499873196170770996012973049
66631533277989791857762000151
50307961616499252405612603139
48315784368298185372010816877
40361218960857965712987459557
59088403194639135349007237057
44544949491191362600479931973
54064983121848027682199702813
42882405633617955920637960427
59843884369397940012178534517
50434993265788578645402175093
48306212538389557055578509601
72431162017819980928462053371
