40821199913825954429587584593
68249312491387482723412394249
73344483246037299071154128987
55811506945411082943538314803
51099026040130198370556630893
53529685579052614951268835457
48046217638143033772360738913
46442670919380302963466605453
48678882490137539680541987117
55057346172156583201651382149
47760130833253126067570685197
73502148016453345750750210739
45726272440703394186687079387
43392975788094738526944014899
62507232427449369902107925477
63374188805724989791203478099
48701597968780866781623710413
64276962247679830593839250583
47230355436198282036022486039
53288691424615267385502975661
73625898394196768316223466179
67848667858534121470449398599
52520104376451690389866435031
42301124651160413454239036699
64042434192920357497342670363
58140575535252635861478532993
46943234482670527787244007781
63021853186710703290707807629
55641327496067252093435850031
63437949741802001203237330153
60297855984792506127158187851
43814352778458668434839196901
