3092074741310534037847
3260283612701811055883
2651209485709884248167
2392518648675060771347
4074840970498693696649
2565423780204523009183
3263920213688927028941
4134344710890779877937
4569550249247798729491
2687773587510757754759
2491510977257699103043
2934721988526639341773
2548254519268085362873
2702255252344318254217
2715684222345731473367
3148698744210455278421
2483270334643277598589
2742708802299473791699
2590960873964670370417
2530360915988021091929
3474458766804118786639
2547436730156667572387
2633059782218818783043
3101471160686015102179
2575924537112451311453
3037142954618975125681
3100725465557333000483
2763028444827985894297
3328571378620757139197
4276676106162366262607
3259091484726110603861
2693647513858152099133
2758516563869163964313
2666235215486162613737
3519679722872905585943
3154469403089537920391
2495229063653054082413
3361678131643890267731
4633907438677377851519
2645250956828191316237
2593810673441459125327
2998214704468538114983
3115024003047601953391
3109357876416740987683
2801120339824304392021
2452696087707621299953
2662260610226124738983
3544163736735949811459
2686771550479532427533
3193222227387733034359
2796383316675417853883
2806194940668959379521
2667004138932890877961
2402856385150457145409
3880954869315315978757
2498576915484715640903
3544051996116472108211
3011160507209254183811
2454231076937298476197
3016307043240426232931
2656962716569313831729
3948567756670795095697
2551617560752742317249
2366573676771642132383
2406633698048540889023
4131548904009225739541
4380538037814336821639
3098471925828585572153
2461406959989990312851
2517359304181712960351
4122318677788358248613
2831220304978672223387
3167675994832846445087
2984498168865630686567
2386680646842251198209
2513130617514997900613
2385912187687850078149
3518170998035338186873
3869796336053172265427
3145694727711884109407
2444564204256567568187
2918024676435340448563
2462330375301422751227
3278373202356938617709
2756058559825658872597
3227315106092061198587
2800776177090984013133
3836008785016307462041
3144157989842981126429
3682184717542377087541
3243844240429364937641
3944279595335309884883
3555481379821755709627
2673287121560511160547
3825792821016460957093
2980681791373870040291
3050778799718249542307
3609601892115913111151
3281801368340584518613
2708355842642926619323
3502719878708220338911
3288960483338703268267
2525152327536962071427
3385145742084915418637
4027380032629728932197
2384167613279552650637
3062499520821190428947
3331155463756177978139
2533563297042702031777
3706472888249662192687
2434169308083273183691
3850502691815375403121
3792857657824777388251
4628812279925730522701
3216678735960068623169
3097295171067420511271
3120068299214076317507
2655406068322173385211
2601941903871071657429
2634013281404724973921
2406789169286132095207
2841497302867660428007
3318997659738568407833
4526298782511287604547
3384530641861500079831
2641503946894442128043
3395992310879322546187
3367272555804690076699
3595542003602053378271
2396020473637032255463
3338694632866829828693
2924211352644543570437
3011170659928574567869
4328311350852238101413
4324298688868017670673
3806701640726148691357
3913778092455872177699
3572535518004414996217
3405222676543250641079
3202881743532589784711
3240785612015366695061
2947475751633810709099
2968892165969721313961
2370389728980667010303
2521072914432588209497
4140741007176544919699
2925044888645429346469
2372380134804120387347
3547487012577758906479
2550254690068359523591
2927102557483290477469
2403476758110957663863
2395933189607655356873
4117234739299927219517
4358343497921187563653
2934205544658636547093
3547422348838334696969
2545168624923052018237
3824322382340816194327
2686133145084782043731
3124294856413215975223
2628687067225517598361
4168532049552208053571
2378725920698904636467
3481237924755463358443
2656930221068631403799
2699524226061864536669
2790958826161858989883
4507152628644572869679
4222688037182206325047
3964320601121387721031
4230548116721992441511
3677630832384334991161
3365830684672409409179
4109687958217110827647
3725853225498342918383
3307366300535861884399
3140558421748212133447
2795057325175226293811
2688173365392552969187
3429662159853471794971
3520220028173154714677
3690552660043683440983
2719568029566690751279
3741897498571456546303
2690950851855346692343
2477427911103278210927
3026825312867890876819
2824241706781849838383
2826657728410049557531
2685200109378644577319
2968664142002765865559
2667687395345074530229
3281041527073597627511
3245067439514471752007
2939297849501700707323
3000514706137194795847
3907283065947464006779
3085481413729684708379
3295777528486092012959
4108126970821158106433
2760801860782592039753
2886401661914466281507
3143479969797183957137
3542889757634888845577
2952220832950853232823
3490190120903835134879
3133070812936119330767
3702343680737205544259
2878981415955827107699
3947256112872819304367
2664331179143070667427
3244881181376171159881
2983212406309265292641
2782394610376991865191
4355666315971049073847
3695973204923925502327
3636871635793911291911
2431224233639000520761
2913423617092654590269
3359940001788110002319
2956398713703855536167
2504587555607141534119
3284748683455593643489
3555951620221739671693
3654236560165820984647
2893632158831120686051
3200160979402322463481
3630778510396623627647
2954593803955190831123
2852878783675557930211
2670210122431040072173
2717017339666524539417
2652208190716319002991
2723454918463405024177
2917967525340288552517
3118162214771819186969
3159953280275833674481
3531412609877487359029
2778961798418067724997
2685629009468717588257
2495185601991862336681
3307481555245488341101
2386415579286678998413
4108629052799416103831
2383787977867978399243
3124060792921508370377
3529993359855777379813
2934398445899543133691
2554615779703233344459
3694631663245996774489
3257379103741199597327
3001892351138050128457
3079129502147275900069
3776737209074984216189
3349315892572690246649
2723448489191349760909
2676010727723148702479
3111930295775011031381
3632632706394219322741
2608577010389427602537
2401598684311889314111
2986105344695243283059
2493581394820983482101
2655632216201687268347
3086707144270385588609
2692706978243971542827
3995669004308935827553
4218229208515724507327
2447073446449354897997
3214261341489788313533
3183922885883866493533
2639764692522490147337
2879351881777012211519
2605425435293574249491
2798744495517327554389
3433843995899722849303
3121555535552761741817
3351816991711753895129
2406880250578066912147
2883694646145776708831
3807674299571108351069
2365205887407605200229
2659907381801879224373
3522238786781941932581
4195338882051905569607
2567847391683448111973
2481869514895443066337
2523492008546059836517
4383476392442564731603
2541970886189722211659
3829677979419712919153
2688225252078941261251
3753098053899802289287
2865743953823472641677
4236864364572769451113
2864149270530611817601
4503792976074273673973
3654781266976186831829
2419979659145815636159
3210123050745962915713
3978521761316063632901
3683643147021861367601
2430720075137143542913
3308373776444167775741
2556059638289429899771
2828109706449182449631
2549274179695511378959
3325720617147444507553
3207179662118831282357
3025807387768187226403
2660685673763971239049
2915197192452774033241
2821875193836600738451
3059707273897813672613
3241382905796406291731
3244630857688980236651
2937361610312930468471
2516069191591136772739
3651014153249500636381
3678468977708444916391
3431891042156842305637
3446723206804361212039
3469044210650985683501
2486926832826590700839
2928940913970998399849
3516800786838480847439
3458576163205113353167
4133444208308449172293
2378700874107762693823
2591776013246928501377
2490392703833736990859
2648492138826042688807
4072637435304908442019
3720163531815466258267
2733392068573700996333
2452848909834296102161
3045608440511916393371
3200887008980808535007
3510794205055151814103
3795616847211858141713
2547908407236094070759
2421811943881437403489
2475191808359578914167
3549567116829475870901
2677949856547555580189
3697960929191708229979
2679498587094587547703
2840089392756546310619
2926225317151201957993
3277080901799027398403
2692730999632318851043
2713641532324708540663
3251063559285236644517
4416524724357712299209
2795989665045394862897
3923661949303448163979
2576469789141995203481
2678621844866214287969
3770020004991292583339
3825250205567030321047
2984638426930176339497
3016290734195370250313
3517587002038392496799
2436456094232119923949
3704076664337319056833
2563400000571619985099
4597506947571241626053
3289292930440005258787
3541949355415355198417
3003938926048592607941
2749309139361967699249
3246740449520634227453
2706409335537989881771
3003684727791832253107
4484857287903958179407
4420700312173550621929
2840532716610917398541
3602176293725159611751
3369231130383511063477
2758237346546649739687
2914963451458844181127
3287963495653666769663
3497382875138563658903
2956699870210007315897
4558862109950983241921
4525843697682559427633
2572776503197700788207
2711069109669179714911
2518147087515754059271
2667995209907756693197
3747836657412606217007
4578448164695833436863
2619053117136303988073
3437738808507476514803
2796799242315900226763
3786637589647407442351
2365515788546906184467
3083876360971558442513
2792788008855372567463
3875915715254550586877
2438615195770234916621
2696585380494601984237
2619390469070537942383
3245443289278148651507
2412247645360532995031
4112449721662096743073
2876451612774515035661
3739172619435797430967
2371084881260210620363
4397462861267614117487
2764348288494490245469
3093977160000876544607
3679204315518030589211
2437018992811992692069
2762518458944636019743
2957868837915111615421
2603919809393502727793
2693816293340003628893
3737159836648139280893
3527048116441502849627
2444685600573915070573
2992178801990171305381
2411256756254500735193
2742211668033710329879
2617051303549949484443
3465851420729598834407
4311121802808187930313
3261494703418449702691
2758943189564672365711
3201586362291222630559
3332973404585426651069
2965340705155803748583
3294692715054469356301
2632869124210814081597
2446441495733409646313
3471756490083786647707
2394497784323437207099
3567392745568101090527
4245505028701909770011
2594983509492890732537
3400191554211068088413
2817065010215563156831
3044706637663143536137
3042798708809283106439
2891832328482214717211
3974934868320931048409
2422210514798573502271
2912996971758265650241
3068359343061547134091
2362964498344256462053
3085421968496172251953
2494687613197230113119
2998548755042158689893
2828003798267295158593
4131461695216204700851
2503173132074147098537
3917580139291521466217
2384478131760662166413
2793199086001422261073
3008583624051730283543
3274354001975442366293
3767300109377757837271
4491508195682192325853
2971880881963494541013
3118915383886668738353
3242178399109417358083
2886620772360300906899
3550537114033263272621
3828093882166325304719
4082982514367474957159
3257310959479829356019
3560851074713655267529
3344782772990530193299
2983840073778538626529
2969955553471765565299
3870495767441153026643
2772153193776004482799
2391024898264795424579
3640579722654350535889
2413104921109779575489
2381370101156180610793
3385968476993043856507
3044594525595012534367
2972212910337225554609
2663755986156066973063
2539982018771962781521
3018830690589614501453
4411987014139517131483
3144854239332744568667
3494251080089319814157
3063083120424697936703
2884820601286419183007
3667488427726027874971
2831947990597172722343
3786081903882136296847
2767622483195155236377
3140698113888057072677
3052187546109398310983
3004850213084139215249
3488676723373743479293
2698558685381689793269
3006133222779527984879
2818261398591586260493
3488083342076832352891
3217802017885255383529
2691656990168915394361
3452020883981778005087
2503664806169695510513
2415757880730030070901
3987486005537066252593
3303340445788972560883
