55243222669479853455797335339
48070647389020329524019669343
50390075315845706604204607171
41407740292535215372480665877
43685015777624833277869089091
47639533103219589045489048449
57234299048042779590582890497
40522482720888622183683684727
45706698694341246008384713981
76723727490823190176138054481
67378663574952617415075218989
39704089184335820051344778671
64610695465790017166002628839
60959038865667321495469098071
52182088147185793256699920103
61475627215388853740547107411
41030253504395730965501657947
40197442175698468908371440513
43339817321583679155424641193
66195998321064113304464767213
39840825723346749754333635869
52520736309215557564409341109
62099005285935101354026055909
50422261263206168794389613001
41022182271601712752617384287
56472523319830052012461322027
45973719322790233423620078497
43370051248805294044921064047
51584340974284157800076964019
48086433902692235450741409571
41312439496830731481419203693
53945769450463674555553129267
55249016715224857828694270249
45910165176684578415906582173
54434127555497587352479292839
52690004445703854141890750519
62508892797262477914060934549
67425721352182666456159804483
57330154186243177989337043567
58436144633976370319101433783
43095419212613477822836003499
75070498393524532750119482003
55610218893680587575307616161
39812362848606325825516105067
45450998310249683711871191939
58637424468604589924749841911
66280136558084377615164834689
44867351949505909594162231363
48408953764006054318522885757
42627655768125555036076976707
44432098046617147969017442027
50338055063115531724959159959
43641742262439285045239302777
71837550591223670068917618919
45005499297245923642949364239
63250762421998971757147973417
56182605910229518851498884203
51751156214789027821454645657
65633040006942069400374143731
42600597680671936778397143557
70428805930689024239629938439
50638562570153753967002534071
42905462367978474564899749187
40548827728408177275630061261
51889017123506348933848115171
46076746891713748733521073149
73627677962141074787816487641
40220321798529820018074904697
55886869213994747259723136793
50553875547674996462256157579
62181010786857383307034021711
43824471794493198784416970297
54456477828726305606609364143
55092481656481435195779012521
61379745520308223390240096729
45653947383924522937230379687
40187325110304959475684571661
69672761333318459573769796367
40870726957239467239572301067
64752290195512702969530426827
48669789453789322117051340201
64902261943795092738140730587
56876767517658123246810934837
58691792096326377537711274789
48048297294490292369378131339
40282945922149723785937273327
62704560133991840098194659459
63887274032758918997660665357
43288488641421800449769289257
42829641427226030321824109089
62572903001082345552781025633
52031863712262315428520515657
51968839423291814552556564223
49079377624477458083775771113
53138530013632238492900873483
46922803440288386083410533627
49302750628355883267721711979
43325230881214315647089621437
55067869355327663314503992753
43475580958488271510664187659
77182007673728221296078024337
44612416641100323592807152487
56743504951942428041250431819
75927163941198610468627628137
65539907824093149345913130917
39634045127999806751419736453
43869236679908589457078856773
45001608819921231939058235453
44800759077502033723896798683
60809453319517169953143515171
62630525940732321315527162711
46648036510482765330958119773
52776848198755692085882954441
39796497978704808341620540513
53672263716677986757205994637
39727711034441959753252313191
42961799989211382540138589417
39862025875128878213644481101
43439121212389389233120800649
59095257771969738772578517087
51498384757334690566507537517
61000807799989595743452428107
60368699342861438382290056831
47025251272052974362956786257
41757211883110823899147478719
48082688474464330690434194039
47208867542289256723783163669
70296883596937049169215364209
44250623890635908813773249829
60789100822665773480885642987
55776531309748276556695213633
56898991192902408551814175579
50353653010165306362750285893
46169080692594545389665527633
42924416767149459745856356747
54506452380319551496016787437
39672830517454660442243865121
77358823165746953726850387379
47888481185073922382828514919
70948632227173850033513526269
52051310441058514811552804303
63370003551310684648240631407
46766195709036330580794099617
62241781151667937655287395947
60342282482052128963645373983
69621139723762163888922898753
49266836134804049240100173527
40473909981783834624406636477
43038264445250057222211310537
50921482259282721869996435707
46188914353378013920453071691
44216721451231816110635880881
45267334011891997473423710761
42282591262543403807353304989
60618883658215917926440599737
50757493970345921026229711537
50838365989121304169633325881
51644532356570389440200135039
49576488031931751744145956539
49865520202046221405340264717
45495483382741104801628152709
47348373774744442890105304907
46412514983156882295519379807
70217767396216819800088820693
39950626722175934261649555587
58391218486099040074338331601
67033339265380222047785391691
51662492795557942656802041251
44500455719899216403461658201
63820581082604903519365100983
43779598363334575590586478383
44554737669695717475841383157
39749151310378729976138722603
48598149713201502158830769543
50520961981086709641325600333
52361442321074655902286673607
41769789610216888651023059641
54118196076330412646916068323
45632440466270624843594868533
41059219259870234673186477197
46994500701695766963184603303
47212160723031629278620159601
66221571226305626326248735343
49311704858964918170355793193
65024633147432619955063164581
60348010472010975003605011231
63202993118556470232960527807
67975295257493506401669962839
55750566277912111829968513381
41085722220024962782842001873
42798498580189762807696035977
73418700760356840424401439061
47206181825601405478396310563
50331678260244774645523015211
40817586242534411118903626309
55592464337766799475507451869
47828452288506999945103148677
52468252741641234798641353261
60798907938378456602497823989
52180539546225807958474592017
46408025888633524571869425841
41401417172020570254685581377
61797834877463745820510615937
59396016976250082500348496607
46208887114833937693260812813
40964233806716262346257776839
66646868638386712959721307897
60699470451181838973056413091
49495410752947509777207119747
44676408516832478932552385723
45678851117707493760015961763
48965115238647804745951601189
44643860194583640334454495053
63652087002380636594791413577
41557219460087764601450329963
64861887554970094966049181293
47600824510136081585994639121
57034168581542798864410696433
51636149015123681572831162723
40871405386797812126191007161
66227110511123060729620764541
52329420963314475592411900799
53504273666452555507646752423
68575261929914614955410413583
41013572224469041444777209331
64032218310286266975977112269
41278494027606893351447711057
68895626090828707988313150049
43655440083501508206908014523
63488310067097844389402592649
46297494744182217969065555743
71700694979959088149600577483
41245797715537222757721634931
42056044684618091573566956449
56088834141662355221004997511
42439617239976025350416866111
42813174786955142854326559267
43768447971456302789037686957
45054980086329466843230737417
55892327275954512525853284659
45318696897245013233454092129
48766118159840090251715839181
70205888172107101188510687697
61195907042816830158146542247
56861183347542453147890673031
48493303868348878190796958729
63010235694042325215491260063
59798588695870136760883308343
45314494553939287989719939773
46367303572862116960116498529
45227592461203025736128673131
48964845685598955397043028443
50517511411610225442243278903
49902572865031175071936121971
54763604586912259697818995967
62635194960243153589643481001
73243035932430377266983067577
39964536136240590676878881459
42680430834491824411632214999
53855000931840354600078335489
53040863997726170183282265527
49826297159547253692340843741
64028144955060427237097673713
60022086889632235903874918543
60125418523937751575138823251
55359736236587712779830821943
46754987890975041218444066923
44512834338112690063287439243
48207652954353449255562811201
56189509021877407711476661843
52042110430248505893825688991
44287556278919424985965202223
44364007546939222570178145037
65663978233903587364943819203
60574705768139666972098278649
51045231045447446145904720813
39825340961415555471637362691
54718398733703494812263993539
72093177242370102716051100671
51979134176643842826515297639
66558026337893310228287825813
49944281925817267125355066427
42718583297283694955956431341
53866774573834217632249426739
50312788413907622382607369261
47654549432921936495579520689
58958683898692289321706508177
46063972415839387780940868767
50020600448446029103711211849
62182095779994180231804728771
44792078688896358906349500599
53489120034311921273369976749
48139147562310810468840351889
46801892978432083054085641483
45180809338529334167489876141
40972708822802680463271740969
51163271324097839734814127247
42834512099566619067995742569
43276811608066615282677019061
48270181406396534078040224609
39768095182317484704397520101
45402617546835521800901286797
52971402123308921829051976729
61130440538328154212762861859
72496590641580623598073683541
54396418921997404102768269349
50581462519468433196618279251
43066817975936111252152964129
56364749064076340861483551703
45703522422237953317052724341
54702737780372269854405654997
47190895232418915706140325981
48040269821163067950749438909
49635972699328850052874525283
42301389961342089164490675613
51594089962683175314050870279
63847980387524783793194820127
60662885384026251294053675923
63448558334460045562582148219
42628976538784673142315404707
43142522722777821833887170853
64362202721968854572196750011
42839176078861314325438237963
52886372316935681211261206617
52126329056264618918794311677
47919783370589059593398847239
60528114645053724849287066369
71319937382145873800035006043
62544068340288838032216567673
43228348551818846382362254037
64325821084166138856210258577
60187512926152167140613757279
39755853636880271498049366083
64783311728938043071255396123
42135534955595907177674044939
42483386027921150892093177901
45933272492027483306228728153
44031135727585991857621941473
44254514243880186969964888057
62402888930365325623949984011
47436177482520769573141409117
53286248274324635466463147727
45628109376648022857551511811
54587356825567131651055430249
51019740973467829659949270669
42128523421207312868862665753
51610163482728934329366446099
63430925840139451133659409611
51924364563916668347694739957
47423972123219815127497976447
67702046428899375369066124643
64591065840918459614000986951
60600672315381588109748925467
51262291462412547995063295817
51574847041458498115082455781
62761243507232772936919681793
41803891794782538634428098903
42843525748737755220425709247
48376758379019973906799010857
43660682928269425548702985999
44381038255193759511188720851
58142820280252512706457478869
40914173061569884385512411261
54131382380333909152388845643
73371369636987633219033131609
44423296771049616901346689493
46248250629488129682206494079
42515288485147213915805594603
40644962136056428879729386931
49446947358773636668954121959
42719325812461709973856915741
61411045623698189906049855067
65045317188044652091498538971
45250053837437940672409947911
50954622413987840030346986719
63669994372824926885685645977
54608534687128750363673242237
41088011266420697961959444173
47334832613275876281001916113
41110924397280710679985502551
48023562189965819731409492569
74820016983467691428874624091
59651869209642555037116500687
44130647449497629381875658789
44466323485496376482877053581
57378163884432955847620052123
40178113564155322126983404257
54995273567806415907555174049
53600205437159590559553792161
40033490411789021486889758093
66267103613119524965566765171
54400274335857219430582963757
46955445822202293318606310667
46705207794977402563358213999
60479124243852887381829945763
45588623694142448434501689019
40198231600055014801421863543
59209344475255916696985383099
61251833485921866924867040333
63173435213531035960510884169
47792104754365184837361649399
43922480500104763003830833063
52147310816144260558942816069
52221466467144592971725523787
44004704531441074861886847139
45528584997616343026005758873
64943489592968827346594942569
49142994364158756425512449317
46154642079987679236608390503
57995428192623580695786968683
51190925504096228331527076461
60573086976796708699230442049
54363080516848641845892291881
45153848988469772774756477701
43753780787110926732608379767
50756140866795235940926736279
42299673379483449334533576197
47427584317397041170095074111
68850597428738867329441346231
64369393708463121708810225623
59250653068898943040434589933
50333449306461925102430711089
40973500963509841547413718557
43818105336095280190463930473
51243406332026984080647702107
52772700249676999957821463759
58405683663719038675130132851
45510935435246709967565109527
55228603202592652461393721091
42548450357871144232704402581
52226191764513954056781167747
55348598739717821953305242039
41316479041641077892480403549
56098933235719079953735875791
53856301066255629706599515309
44448876724921737139727582851
61256240573342888718033058511
53170620156339108055755172997
54553538243404328054747482483
51135555614913301790904109319
64100079506146975214780332807
59996697922749964805981214683
47098020899313793093108426867
49191215654952416510481245057
43016953655690950743305653481
47747538752974122244186475857
65374820171360231625688281541
44469713441021367310831922899
40719272910020370580726799149
58536274650876204372864503749
43180071442287322548034627379
49630396554783590895166652689
50140709265942513849466669319
43255261664612522528017985053
60774077393327243673873384319
41067313529051244574702983523
47326665544334829204057348391
51387996990421647483004803169
48607088248163018168138209559
65530810169749269053757669581
44392435738437595640995729691
53269716422677988888328476531
43029782860625020116506994799
48991020278422202161794332591
50082398263132198146343882367
61734579729910796829541402151
45299763480495372189305059873
53441920853891133214357266257
47620037970812647981312505387
44347096569881709192777713983
48794004348650565723678801781
65547545428558124525981871707
53967381559990880400995161111
66653348200780654939745405263
54723970818774622604438898119
43728130655597520024169840847
62808805884589817920024302049
66043839027940454617254852211
41224015613428434684603599167
57777240371905592358280696849
45496069196200217097971665399
63489582550916426085339923071
48115644371122168045753781473
57263745374045368519654163887
41297065984093231783672804277
55710206432830206109214159111
52350064044031074774740624009
59039526241790929497059064799
40148935216837268347860510097
40479080293757222327136940141
41027754337667621244243437279
39806871295597404333785748281
69961237777433084041824713753
44887731946811219596202436209
51087347313665627089959531557
41463443947722300087946682051
48447992727723179135751063983
44664379627636396320588103907
63907123668025613776537184893
45853979226400991834398149587
47430591660657426332121670507
42219685141548834811211350169
63225612561975527774944528559
61452473513996511235368964147
44278025277878932278654060437
66290707441699617626853803783
64758125650400290285596965503
57004145123268511570103727269
60517270391352654264360092977
40348363285880604438568625369
64089365438442803481148902623
75621209203722988626733291259
