221736739139033668959838070749366230329
272886922035071026290314155739937300347
282361274879741283841588342011654752333
190337780472775805649202813935235676299
307542105041360073860033733831107799047
172597130087083295146566048047018509931
265069858365390397004155214682000893813
293682075566674580138191594187474689957
217294505593437664816905354124137955813
287482449043243999379306612594113784143
222273664570776635862094052425049215517
208709351489257223086312189041740040979
280925902018103728758206631686732605963
283241514861358247022779741588897582759
208562504007717455926037880980498330347
209707180670151202929603047862877797791
245385795006910287537487103555646541237
224433168531120732574085698767181933637
212301873042487037873496114319441501471
211005915710233435073233419633608832013
215652551038199744519781734703455529097
289576207197598526157354978158099720251
247803810690000029411160251892404392043
174479404371780133296681537333027454063
240662245459269928857348411083596960751
199105933544247077304156039568771257889
285846046042162024424343340275474444127
220944111291221725719969654575367065449
191988884612523907343915567401042253557
272800644268402244857698143486866911127
208440000502833316188917081193039179513
222471132611390651561775379871216979121
278119285286121793134374120370500746759
259505066429710631133854822553414016169
207721705004992252416213542088193838191
173954957903034467178102963617036140007
203707447860718405921270498068474453197
230314053199461323215074939846173556679
202211309150643034367343191831060677673
241597788540739193302396510570496107973
267366901549068767159616180494188428941
276662618396166883378368530982222919027
234206996650903268889129655878868508123
225286143485807449140788002865945191397
189107659985076141116717219999902074349
213163542345764448618357296392813269739
285135958496717794511148831439260045199
214882696055552510976688883971474170661
171318387483984276524267518365581764061
231663512552340019889613740729877123929
182640715698261403364664526876207745951
202516319876950901276434863335488189739
226454269366107528124772376911202473071
196926900540164117963798842542281932963
219386239345463172434848711632194982791
207438839276861777491346805195081648101
210382848281563538328962534307771258463
175866009158451676763975168529975378533
177691196690442889060728809965344573839
251094350791323286126973519202199524247
225223467312543458806429587939159467033
219165207412993179870625942641225454843
206832430587531345336819311004586134467
276555485782854587226104959534914633239
257659625074013741588447933051524653607
208696326834636984222704090387724058823
231778362983067962389692824600638136677
173607404431082064995917814407023025657
224181686157942191953752759234335936017
173872537633395737764966829790176361661
247954161213239240242143016248976071083
223813427207467825639769185847879519629
223323824518911047053926203354991400349
183563508657374114890652719510304909639
184950909729965654706694866985087368251
188930234695928691973033595870132851993
174003682324263339790635678098341283417
198348951622058383974025513166533084717
184816452265836885626035758017993646371
236698683138872653439334217944685194631
177573898099705948832466522369020309531
236261581157191340171238251416103081881
187009225652171368663221049033813681631
259971628642691482651984324376923243843
212849279473610316895560099996019264127
309768949728465073728861305137629548711
205980191435319161754370932152209434431
188337522221361764369507365685978757091
202200606456889771201241583344820318469
176712852616093772907756148904604114157
216521756341165192026672518235647114977
219614987672061247230249540579332561173
182011268425656852873951271006169728913
266457661880562739154791777115229487769
177049819416372764906810384062849859893
271923324611366900853862214460081787039
172051140053361895883307440996338864333
183103509633285252013881425185663242217
291147424665783283590926514835429728533
238317170934686592779993088654488513941
171890823592142158556002642349429699273
253582444827254294945480037582809910833
263143221271297320301681706509804869661
224626336886271951864490476303005560721
201797445013489184662957541890074422759
218516533190453087589080039912178179267
239486566530518425024435746442608912481
230609645523346216857887308410370686083
205052718404341571339758382868309782183
202743108471181888629939876110002368227
199937758410581005792888240633364618411
230670867735454809765825847648785996191
176978441619545714156122085966725480073
176832681319472070832248746737564594601
212113657425433449449935321069406921771
189680767817238959359375218740357313737
222708185612900735435610681209796887743
335206307946418444946522405026481768351
227528779898689524859956860535853458077
177474369206896423419504603541780365289
209383924114086074485790898234502494841
265336319000989747916256423377416555673
289444093241314484604594127330262732543
206222210890996977725940533224894573513
256851747115202779406784426886303950241
195595596942057744966018917805707276531
265234643944860613753471225617538411969
237319511900924930080617037469718625799
180115948562711862888748154296051292899
181526158841308145478411304565575781113
208685421540850688182378431464206376281
219049281358441389636687382803767439481
320717937445223060852971689907710240187
171942806055557514517051914148040459947
321457428103878250508082598726187344213
201457138452854241374984002472172904127
221613979986777593480839604829678809381
177874257261423646364349777361665255907
272488117149950965852165008268880172169
223763727987300490000842194771745980539
194255436952175560278780264493692708601
172172240516085413136850304339122380661
279110976706391686142425163834153774467
190475045362679930288392263064884630019
194908886987499139492240932236619379867
199904733679457154730987505907994131247
175513493173279436486766236624556348311
192573593620717195751709309512476004951
192741638105563457322218346567627447923
197472093836078496192226769758197439373
261317515688828308312434185715424507933
185337645935896859438037850826464766119
182160955118395325678562045796983972029
205709222612537351301423494043697389571
195104295763253138963391604603759930501
226026552237575006464460340095899761017
240246648493257855660101691894741015553
188804422300277619715734835073164193533
186807314774818460446172144338303007161
205368789808255066374345838884532694857
236712642289802408294459632513076621543
250308856997457607483666951868205789271
270802739005836721897656983461020087031
200345837986131664677903771648839789777
244383305202451321088695142069368234417
221171890987046479566020721166056919553
241095169188841554960676325243922653093
183946819272668131027726152658678822813
267573783812978113771918583295143357549
219924363198455099195345389607855190649
249058300193119176146972442141838385591
206968974469746835774562121550561746283
195731924801865687305523711935605439509
187773808104501348702642182222448136081
232052987114756377133533762857123057967
314364580925313375004258640947743140473
234493511419511432130230830218012974437
192263281990085732208331954250302868861
241983914945299718896500951282147537893
189654602707471117573746828192630889499
256763174231688443366324295875623173871
239404066185059961953030354472420912391
212701692183338551421484621382777194311
221982800139010720370002142201530402157
187376143788329213570963231060131428307
182476441016483298512756811959852077399
276916972156592921158750170094939087907
311849373824317786272958862724588100513
276368440188709927375557671146828551511
260061518495669571456785169785710205657
184265899745601316355841098840354388437
311641749770116355488274693164953254857
261565773885061079702539402770166371689
189418874029091803487410208572503214109
246913447802707820176192447343793502597
203302250117449167855169222992219233483
177130038508793458998081365612724409597
259727665041496527201410821956104739569
185474789982029302370365384850988687287
196928717838341814567247829448797913263
235402563674472668879484455329266013769
251193791820460107578593999430713280849
194867781994528268593396896967029847349
173107428028902390681012979092784415053
228596249330850154801338985279906384651
308617316209862893478376396514634399057
170693324711983467884002803967809082987
221392217054799957993083732910577290937
226247977769776853765995922696743786373
180879084671560277634411090879663388351
232462677971281825985700939352391711531
183068408885232967629039069660955329821
200663566540536212907162242516206488203
205131871862606311915951730506081647443
263616153441190718141790024005959894631
220480135662522298742791357672343588629
310965576665356525964844284577187659773
183333772606759875473504334941549389051
268634881055634944737685865179093703299
265475422039897861066389890826068193997
180763469042223825871611311751158471543
222468503580763700375292755593553209673
274316457339928493725874798639842910777
176791493267843477131254264631958000251
191367981158935599283899803646633208421
300258709058328328073562974143023791603
256869357021344615852412815573953647733
213802150483928742994389807070392246517
184610778170868433005160462730952083011
297200045699016826587708215203473421477
204183333169864192385641944150789459971
195994007780666723017827637997858768879
193967066383209793234263803264536878097
246204500621198015469311221276840396789
230334131209672637327835895486990284077
203362164105569627955714144071429251651
274772431518918769253671314602148398579
226066755943052047645099384854802113251
197124002946674761757707268635597612901
272086004246118861311280087629095719983
310832972229315960668407224396037432337
266347181835466960066664940133725039071
292420078915764294230724900010048478339
200013343457204359453267703964275973823
257552862693643747260792142286868008279
199690960511364514548225352364572677799
200313179722537423959030306569477852441
185753961266738728243166595334551521591
194719306908126179914386503302410996317
274668398053079790981685982762668085611
270464668664359264988865304924394767639
317521907866600879081168969101036421913
195762526017223062677000794010108806013
206367541174592682598440088714701364459
216663722809928813969658084675842863507
267095354697051655922148358208657606641
196750807882424220244347253291571267681
260189507743959502516460731831811384819
232436596478636722432800760548577685053
260912113526544600219954124339016401469
266323677071125851704747683634422847117
275100699808114665987760069481537446223
173499204395682896829909777902351578031
319086845432126968929431899648339328363
283675812390796911200956836308852344079
191210358990723070417154495143458961129
201048799304835105565246701540756677297
208154145703003458287940030394070102887
191990870550368884432579974511277957933
237822367069920112355739833594575726561
241122370265893542358173437553603467321
220997990125421959545453243564494920781
199979641929866293887771399511284052643
186567594524162093628746103521652395299
280524996301812643962280244574087050521
296997996878199521194698236932279789087
186546844161429946188170990825732045393
236364471852457871701082901915301748263
262913463221760418578062740167138330407
174679535882268352613091154648121991347
245047840784774001078926754774117029447
215640973242481317662558676051534327443
230109289666831958434034588489418693023
260181887489537650820134813662360244169
239774252697631234805941850116425890111
292822391052997266489524034739455877001
245428378664999369251835969046994016383
175402594422946290672429031338843573637
199405631412599379425751712338667252189
247851840931648377264996277073154070523
186103693938782961527716783320118280297
326413529225280086537487042099888405643
288777388370234990447859693887344020551
239191418594124596197045317872490162163
215413785003201805920306672066207155639
240704730650364110777472400900654724177
273574272261405970922923734114568410877
259263339405596543334481801831678004627
204036311954157126985794893455272634799
213104615960005197800266348633946264293
211244731584267376461607785383095935101
244275253716599251428947744745308907419
197105160609654056809061147344729263529
197867494070479506789879935306275900043
237904752685895872060590884616996758143
177369798063757067936917167970795331593
173770670055381384400844955076422108943
264957261242934596697654341398943830693
248873809476237564292639727571795865927
279019144124835150437847083420392783123
240785377149386801172779077979781692077
171758643817707872777389839391858776077
245597736277205358286386187122191010529
185071293054811057830106092506597470417
270595370896461797289685606047887485711
310633414332824791777583479291449429553
293675564527188718391014450087806971693
215701252065229239757103571162989608187
255977775536809805425701347546501486171
248579538184752238884203627985436242589
241554109954823641640716635282238848967
257357676011809413130828145185447561663
190963810284219291499845590030427098201
171293698840882409296671226304601585769
219807937912747796005606799360255278217
248231478416196724919443215302018620867
178825806251402983409953765420186882111
174260926067220778973748876711748925263
182316812502174009580696277596665913841
225552986956970554969239200992490528459
204665638875942376020869191299391347091
192245940820366139875304984784312734341
223852357112318387222945716393268110547
227695208742962950367366641177732500637
237247212887497025602572546164122067933
180531052680086838408482178426769191847
186463694805750724148942639977873627697
189620623682059290745618770025811386643
171982334540556841548927647698954158707
224083519718174309002002695378043380513
185483726349479441893969092739851145093
218069615660150925271044275435151678521
180696603288418572522285469592543085577
314747877670596875496631818828342948091
237810377088480513577958183224557697357
220826203179651192866100153508533608873
195079624655707815071055642095403404773
215169199423899027827111761974056029997
250631940522194051881301929653871017001
215911388776141805520599412579055213387
236094022843097096687834871780285447097
187439235033972578389563500463224774209
254287939873812850112226370878604338733
220189417477796705243017058540019944473
287661112430506528468286264139563046481
244276214321457895783454305693779142807
172163900940169938603560933483071750537
201099640162816063201311587661581430799
176939733678275329987566399381625659353
208691875302583148147974059046471915429
183022079156873745685055402934153620809
185129180795948203286630796288018752623
183221943341788178332529153872649872601
276695646999388945910570620702371587959
174062771243168128749316451301972947123
189730657838386237178750717994390658079
189733412645130623775764304959102574053
199487452118535207022330128132929967191
201337055690683523227575634836550859257
266966153291854324532705683223248958839
176150503836666730379713941068932362071
171288963441171075084983428323559734037
177217323114451957623673939979472556477
211670421385269028043811983444787987851
186879148602564472089249275013264139501
227186938447716101112117880160453041579
321925734044243390725433972952878473327
184860860994986972119579092848153419349
237907925696636338247778512864943261467
214736177453812578635682611103040301659
254132847574562579228481727129270008217
214884018144069619051153419655269664907
310747545535572956589599359274476337143
191934019916644305386708624720303329907
257241312871384259372635610270349453713
200049598483775408900340902291271483989
217428380095988373671887514660193160633
197927899046867011341118498957276962841
229722288344869223109884811736949149763
193860877965302079115897607778618737621
264921484528224706770512593081526221373
238414491840839423917056369186113978851
183570650938999381791201995039427823253
227879281466235638122659112032383746561
203498774551810843089733819128432105937
176078733787224175672154094001203733819
258685087884597888969394919143040005397
207175124590158123340310792816990417957
181787378093655910945987637762445641819
223536358713533289821974736343495842719
218362342341721754035801958158746139309
212350832697445539842492883001207710989
229124503521151527290239190009976392147
192256418962027718506606852757385120443
192382067835184217522254139478228478933
306228205049853389713902218630142887119
199375332331219759983898798065106191539
265776732056923794296380824604091156381
268547032703960281209485835627091570403
210920085185444563906390573383891125021
203071735222592253230154853178700635303
236971151347974682215409679972196128191
303523449654640401681466695150914135639
207132114127985500171550076197693613557
210105531379307640035162627245993143029
318788475046816875598323824016547531829
244741886070168469506054240447620741057
242913433759137414611126652144028478771
182787370115042603949862508492432033587
209141680595420041913687385774831134371
215787237766780525810874264825702373101
233906435256181054448738840093145279763
220574263067882369038478084680513747729
229939841809052766524177286124502501641
170819893942965565636222419222553267291
245422338238537688064642328899099550601
238022957032164109350984413883865564523
203311086759098574636089011625230510303
189326212779735684820977990468377535269
217849728005192751186615676134197499847
172491607064806498929762315636722644169
290150265696853758091914699089069330843
178075100694413594744490073535913838439
215265938368435151328513978043523775121
187337824978572700522860619576744200017
222183440108249693268561272997977523743
271344814164610709360474958515567996173
242016432629512674761566899246871426487
202089426408980299471397579926178687249
234632171284945943263892383143819220217
195841422612140581133336289896695374451
288034808877494970915451696516303295033
181959509047446616598806278162049905749
226318919420199411906825421464423020527
220781973832714492719471874847730967877
211817859994343465448409817026813178489
305618417198886501733224931898294375651
252109710808508105081277070511979447773
206658282390672891823257020587011358877
229125467037107370133866016696605999853
205971242451067019861191419101790815977
177431793418018670958532632311214531379
210048564695682802173487087251840595481
208398745041559676332843436840254534009
208292108144132394658845447609067359853
212300951638668368267891530491248985449
222157937704807425874388702936030602349
197703776423809050110960240111364792133
305563392080290563033996256628720314093
176992932916801615417137986752326681781
200840161799934723948736665996653370443
171217877440482430748834281848095708411
190671500111596145512218896032929668431
185989428324242742449582975553033553511
215671093579571581172524131768052388029
257405243264254008618885021718635854543
250601421039242391108886613496367177867
177836760129167901276022261121097006929
201875562393684777366470072351321749799
306838727302381024873502061262943918509
293494650582643045335876202576959147313
201846730597152995141715631962050391971
182620778115505667847754061412906104089
215452734144836900485175115596740255033
210140117991893314060114406609643378031
201249830127953461078844737277418543689
272236068828887156285153796086956067687
211021141634952689075308218282376329461
288722752168086001314718918786529801831
189894341556365526618102702425552613469
185676780292798626204311793282498133163
296218025873556548645076274180877336621
224935935072514349327178226775505118637
205180379560117092706329390357684875449
278104610625739747648357214770978376369
181407131735425844839918157779683149351
183062787886578225599000294087480327719
229522593228537436656448993306792157791
180390214267509298202916669816118734599
237998616605376700932358121795262378871
294965349325459595492960508635779532813
220852978534901069850928988020311902869
194951003434729546140603410770787975101
291959883567576088387279136712397556641
224934933152755075922495416337253727481
275701208600788666619520611627267864873
241071156661472702295027988240151123707
178735094842944880450740537705154388821
190724079208093568095900849937405776891
270079226399661884322883618341503892599
249618933306676879148653148883673012841
266553381265242840684697130761560988591
267561688325292857974498679091900156049
193572403175905078205254737603663115139
209567844172899609595358780116586733113
260288986566867647700173035276355855983
206518599960852318201631712414260594601
196837476614132158442390806400010816799
184242503212453452554271072198039614773
324859720600327890696798419998803814607
259477484317917314074451344494682728871
170893101186719734883412766918590445201
